1 Q0 01239 1
1 Q0 01502 1
1 Q0 04462 1
1 Q0 04569 1
1 Q0 05472 1
1 Q0 05502 1
1 Q0 06471 1
1 Q0 06480 1
1 Q0 06664 1
1 Q0 06824 1
1 Q0 07923 1
1 Q0 08150 1
1 Q0 08172 1
1 Q0 08277 1
1 Q0 09219 1
1 Q0 09859 1
1 Q0 09988 1
1 Q0 10081 1
1 Q0 10588 1
2 Q0 00414 1
2 Q0 01894 1
2 Q0 03785 1
2 Q0 04720 1
2 Q0 05894 1
2 Q0 06736 1
2 Q0 07113 1
2 Q0 07555 1
2 Q0 07749 1
2 Q0 07808 1
2 Q0 08241 1
2 Q0 08383 1
2 Q0 09112 1
2 Q0 09835 1
2 Q0 10802 1
3 Q0 00141 1
3 Q0 00148 1
3 Q0 00813 1
3 Q0 01610 1
3 Q0 02429 1
3 Q0 03059 1
3 Q0 03272 1
3 Q0 03398 1
3 Q0 03614 1
3 Q0 03688 1
3 Q0 03708 1
3 Q0 04437 1
3 Q0 04710 1
3 Q0 04725 1
3 Q0 04833 1
3 Q0 05476 1
3 Q0 05662 1
3 Q0 05856 1
3 Q0 05976 1
3 Q0 06351 1
3 Q0 06885 1
3 Q0 06974 1
3 Q0 07086 1
3 Q0 07177 1
3 Q0 07304 1
3 Q0 07571 1
3 Q0 08007 1
3 Q0 08232 1
3 Q0 08957 1
3 Q0 09289 1
3 Q0 10174 1
3 Q0 10484 1
3 Q0 10486 1
4 Q0 02042 1
4 Q0 02180 1
4 Q0 03595 1
4 Q0 04057 1
4 Q0 07985 1
5 Q0 00775 1
5 Q0 00922 1
5 Q0 03484 1
5 Q0 04740 1
6 Q0 00402 1
6 Q0 02546 1
6 Q0 04180 1
6 Q0 04419 1
6 Q0 05435 1
6 Q0 05437 1
6 Q0 05440 1
6 Q0 08099 1
6 Q0 10162 1
6 Q0 11178 1
7 Q0 00449 1
7 Q0 00450 1
7 Q0 00451 1
7 Q0 00696 1
7 Q0 00827 1
7 Q0 00829 1
7 Q0 01354 1
7 Q0 02231 1
7 Q0 02724 1
7 Q0 03090 1
7 Q0 03209 1
7 Q0 03318 1
7 Q0 03666 1
7 Q0 03897 1
7 Q0 04471 1
7 Q0 04473 1
7 Q0 04474 1
7 Q0 04476 1
7 Q0 04561 1
7 Q0 04758 1
7 Q0 04759 1
7 Q0 05192 1
7 Q0 05292 1
7 Q0 05294 1
7 Q0 05379 1
7 Q0 05507 1
7 Q0 05588 1
7 Q0 05589 1
7 Q0 05698 1
7 Q0 05784 1
7 Q0 05903 1
7 Q0 05906 1
7 Q0 06183 1
7 Q0 06184 1
7 Q0 06187 1
7 Q0 06188 1
7 Q0 06189 1
7 Q0 06190 1
7 Q0 06288 1
7 Q0 06474 1
7 Q0 06565 1
7 Q0 06568 1
7 Q0 06569 1
7 Q0 06731 1
7 Q0 06831 1
7 Q0 06923 1
7 Q0 06924 1
7 Q0 07130 1
7 Q0 07410 1
7 Q0 07602 1
7 Q0 07740 1
7 Q0 07837 1
7 Q0 07838 1
7 Q0 07903 1
7 Q0 08034 1
7 Q0 08052 1
7 Q0 08591 1
7 Q0 08594 1
7 Q0 08595 1
7 Q0 08596 1
7 Q0 09448 1
7 Q0 09720 1
7 Q0 09721 1
7 Q0 09724 1
7 Q0 09726 1
7 Q0 09888 1
7 Q0 09889 1
7 Q0 09977 1
7 Q0 09979 1
7 Q0 09980 1
7 Q0 09982 1
7 Q0 10071 1
7 Q0 10225 1
7 Q0 10648 1
7 Q0 11344 1
8 Q0 03774 1
9 Q0 00187 1
9 Q0 07014 1
10 Q0 00154 1
10 Q0 03531 1
10 Q0 05537 1
10 Q0 05855 1
10 Q0 06966 1
10 Q0 07262 1
10 Q0 07486 1
10 Q0 08011 1
10 Q0 09774 1
10 Q0 10167 1
10 Q0 10617 1
11 Q0 04749 1
11 Q0 07655 1
11 Q0 07656 1
11 Q0 08219 1
12 Q0 00532 1
12 Q0 01727 1
12 Q0 02072 1
12 Q0 03284 1
12 Q0 03514 1
12 Q0 03615 1
12 Q0 03859 1
12 Q0 04087 1
12 Q0 04727 1
12 Q0 04733 1
12 Q0 05257 1
12 Q0 05567 1
12 Q0 05639 1
12 Q0 05654 1
12 Q0 06084 1
12 Q0 06086 1
12 Q0 06169 1
12 Q0 06356 1
12 Q0 06358 1
12 Q0 06705 1
12 Q0 06709 1
12 Q0 06803 1
12 Q0 06981 1
12 Q0 07100 1
12 Q0 07110 1
12 Q0 07488 1
12 Q0 07492 1
12 Q0 07813 1
12 Q0 07901 1
12 Q0 08108 1
12 Q0 08132 1
12 Q0 08251 1
12 Q0 08332 1
12 Q0 08458 1
12 Q0 08459 1
12 Q0 08467 1
12 Q0 09559 1
12 Q0 09733 1
12 Q0 09779 1
13 Q0 00281 1
13 Q0 01337 1
13 Q0 01732 1
13 Q0 02085 1
13 Q0 02209 1
13 Q0 02458 1
13 Q0 02459 1
13 Q0 02463 1
13 Q0 03297 1
13 Q0 03398 1
13 Q0 03522 1
13 Q0 03641 1
13 Q0 03852 1
13 Q0 03984 1
13 Q0 04080 1
13 Q0 04454 1
13 Q0 04627 1
13 Q0 05045 1
13 Q0 05276 1
13 Q0 05368 1
13 Q0 05477 1
13 Q0 05743 1
13 Q0 05873 1
13 Q0 05980 1
13 Q0 06088 1
13 Q0 06273 1
13 Q0 06530 1
13 Q0 06534 1
13 Q0 06548 1
13 Q0 06549 1
13 Q0 06622 1
13 Q0 06909 1
13 Q0 06974 1
13 Q0 07073 1
13 Q0 07111 1
13 Q0 07176 1
13 Q0 07262 1
13 Q0 07374 1
13 Q0 07702 1
13 Q0 07709 1
13 Q0 07823 1
13 Q0 07908 1
13 Q0 08024 1
13 Q0 08136 1
13 Q0 08448 1
13 Q0 08563 1
13 Q0 08567 1
13 Q0 08960 1
13 Q0 09183 1
13 Q0 09423 1
13 Q0 09433 1
13 Q0 09434 1
13 Q0 09698 1
13 Q0 10192 1
13 Q0 10363 1
13 Q0 10487 1
13 Q0 10634 1
13 Q0 11037 1
13 Q0 11053 1
14 Q0 00154 1
14 Q0 00155 1
14 Q0 00653 1
14 Q0 01317 1
14 Q0 01850 1
14 Q0 01852 1
14 Q0 02311 1
14 Q0 03272 1
14 Q0 03503 1
14 Q0 03523 1
14 Q0 03882 1
14 Q0 04205 1
14 Q0 04338 1
14 Q0 04424 1
14 Q0 04437 1
14 Q0 04718 1
14 Q0 04725 1
14 Q0 05480 1
14 Q0 05536 1
14 Q0 05561 1
14 Q0 05622 1
14 Q0 05660 1
14 Q0 05749 1
14 Q0 05856 1
14 Q0 05988 1
14 Q0 06079 1
14 Q0 06350 1
14 Q0 06530 1
14 Q0 06782 1
14 Q0 06794 1
14 Q0 06877 1
14 Q0 06887 1
14 Q0 06955 1
14 Q0 06974 1
14 Q0 07084 1
14 Q0 07086 1
14 Q0 07281 1
14 Q0 07290 1
14 Q0 07304 1
14 Q0 07342 1
14 Q0 07370 1
14 Q0 07375 1
14 Q0 07571 1
14 Q0 07690 1
14 Q0 07702 1
14 Q0 08124 1
14 Q0 08463 1
14 Q0 08563 1
14 Q0 09233 1
14 Q0 09697 1
14 Q0 09698 1
14 Q0 09794 1
14 Q0 09951 1
14 Q0 10043 1
14 Q0 10338 1
14 Q0 11314 1
15 Q0 00260 1
15 Q0 00417 1
15 Q0 01304 1
15 Q0 01829 1
15 Q0 01848 1
15 Q0 02064 1
15 Q0 03065 1
15 Q0 03276 1
15 Q0 03483 1
15 Q0 03719 1
15 Q0 03963 1
15 Q0 04331 1
15 Q0 04821 1
15 Q0 04930 1
15 Q0 05773 1
15 Q0 05849 1
15 Q0 05858 1
15 Q0 05863 1
15 Q0 06441 1
15 Q0 06520 1
15 Q0 06763 1
15 Q0 07297 1
15 Q0 07699 1
15 Q0 07705 1
15 Q0 08197 1
15 Q0 08245 1
15 Q0 08329 1
15 Q0 08435 1
15 Q0 09542 1
15 Q0 09790 1
15 Q0 10025 1
15 Q0 10625 1
16 Q0 00648 1
16 Q0 03158 1
16 Q0 03515 1
16 Q0 03882 1
16 Q0 04087 1
16 Q0 04616 1
16 Q0 04630 1
16 Q0 05259 1
16 Q0 05267 1
16 Q0 06085 1
16 Q0 06141 1
16 Q0 06239 1
16 Q0 06815 1
16 Q0 06884 1
16 Q0 06895 1
16 Q0 07092 1
16 Q0 07158 1
16 Q0 07469 1
16 Q0 07560 1
16 Q0 07699 1
16 Q0 08241 1
16 Q0 08245 1
16 Q0 09199 1
16 Q0 09685 1
16 Q0 10319 1
16 Q0 11310 1
17 Q0 00091 1
17 Q0 00093 1
17 Q0 00094 1
17 Q0 00119 1
17 Q0 00343 1
17 Q0 00496 1
17 Q0 00742 1
17 Q0 01128 1
17 Q0 01671 1
17 Q0 02876 1
17 Q0 04151 1
17 Q0 05226 1
17 Q0 09247 1
17 Q0 09481 1
17 Q0 09486 1
17 Q0 09729 1
17 Q0 09741 1
17 Q0 10835 1
17 Q0 10836 1
17 Q0 10979 1
17 Q0 10981 1
17 Q0 10983 1
17 Q0 11128 1
18 Q0 00093 1
18 Q0 00345 1
18 Q0 00739 1
18 Q0 01290 1
18 Q0 02121 1
18 Q0 04150 1
18 Q0 04685 1
18 Q0 04883 1
18 Q0 05226 1
18 Q0 05709 1
18 Q0 06315 1
18 Q0 08798 1
18 Q0 09138 1
19 Q0 00084 1
19 Q0 00090 1
19 Q0 00342 1
19 Q0 00477 1
19 Q0 00736 1
19 Q0 00738 1
19 Q0 00875 1
19 Q0 01004 1
19 Q0 01407 1
19 Q0 01670 1
19 Q0 01799 1
19 Q0 01908 1
19 Q0 02112 1
19 Q0 02895 1
19 Q0 03444 1
19 Q0 04161 1
19 Q0 04510 1
19 Q0 07044 1
19 Q0 07615 1
19 Q0 08757 1
19 Q0 09053 1
19 Q0 10001 1
19 Q0 10693 1
19 Q0 11127 1
20 Q0 00893 1
20 Q0 02506 1
20 Q0 03446 1
20 Q0 03569 1
20 Q0 04796 1
20 Q0 04797 1
20 Q0 05508 1
20 Q0 05938 1
20 Q0 05939 1
20 Q0 06211 1
20 Q0 06218 1
20 Q0 06221 1
20 Q0 06228 1
20 Q0 06491 1
20 Q0 07059 1
20 Q0 07060 1
20 Q0 07426 1
20 Q0 07853 1
20 Q0 08177 1
20 Q0 08603 1
20 Q0 08621 1
20 Q0 10588 1
20 Q0 10686 1
21 Q0 00077 1
21 Q0 00478 1
21 Q0 00494 1
21 Q0 00577 1
21 Q0 00621 1
21 Q0 00757 1
21 Q0 00874 1
21 Q0 00905 1
21 Q0 00907 1
21 Q0 00995 1
21 Q0 00996 1
21 Q0 00997 1
21 Q0 01263 1
21 Q0 01274 1
21 Q0 01907 1
21 Q0 02013 1
21 Q0 02109 1
21 Q0 02118 1
21 Q0 02146 1
21 Q0 02153 1
21 Q0 02900 1
21 Q0 02905 1
21 Q0 03018 1
21 Q0 03116 1
21 Q0 03918 1
21 Q0 04508 1
21 Q0 05099 1
21 Q0 05326 1
21 Q0 05596 1
21 Q0 05713 1
21 Q0 05925 1
21 Q0 06302 1
21 Q0 07518 1
21 Q0 07864 1
21 Q0 08178 1
21 Q0 08621 1
21 Q0 08769 1
21 Q0 09156 1
21 Q0 10130 1
21 Q0 10138 1
21 Q0 10279 1
21 Q0 10590 1
21 Q0 10715 1
21 Q0 10716 1
21 Q0 10871 1
21 Q0 10962 1
21 Q0 11153 1
21 Q0 11154 1
21 Q0 11264 1
21 Q0 11411 1
22 Q0 00091 1
22 Q0 00094 1
22 Q0 00095 1
22 Q0 00483 1
22 Q0 00608 1
22 Q0 00736 1
22 Q0 00876 1
22 Q0 00879 1
22 Q0 00912 1
22 Q0 01004 1
22 Q0 01262 1
22 Q0 01264 1
22 Q0 01404 1
22 Q0 01556 1
22 Q0 01695 1
22 Q0 02032 1
22 Q0 02124 1
22 Q0 02407 1
22 Q0 02505 1
22 Q0 02538 1
22 Q0 02864 1
22 Q0 03445 1
22 Q0 03446 1
22 Q0 03922 1
22 Q0 04035 1
22 Q0 04166 1
22 Q0 04395 1
22 Q0 04508 1
22 Q0 05535 1
22 Q0 05940 1
22 Q0 05943 1
22 Q0 06026 1
22 Q0 06027 1
22 Q0 06221 1
22 Q0 06403 1
22 Q0 06408 1
22 Q0 06588 1
22 Q0 06593 1
22 Q0 07426 1
22 Q0 07427 1
22 Q0 07524 1
22 Q0 07538 1
22 Q0 08083 1
22 Q0 08621 1
22 Q0 09025 1
22 Q0 09053 1
22 Q0 09054 1
22 Q0 09246 1
22 Q0 09247 1
22 Q0 09248 1
22 Q0 09249 1
22 Q0 09394 1
22 Q0 09490 1
22 Q0 09627 1
22 Q0 10281 1
22 Q0 10423 1
22 Q0 10447 1
22 Q0 10554 1
22 Q0 10578 1
22 Q0 10686 1
22 Q0 10832 1
22 Q0 11131 1
22 Q0 11388 1
22 Q0 11394 1
22 Q0 11410 1
23 Q0 00081 1
23 Q0 00473 1
23 Q0 03113 1
23 Q0 03799 1
23 Q0 04145 1
23 Q0 04497 1
23 Q0 04577 1
23 Q0 04784 1
23 Q0 04882 1
23 Q0 05313 1
23 Q0 05397 1
23 Q0 05593 1
23 Q0 05702 1
23 Q0 06303 1
23 Q0 06305 1
23 Q0 06659 1
23 Q0 07609 1
23 Q0 07847 1
23 Q0 08281 1
23 Q0 10962 1
24 Q0 00077 1
24 Q0 00471 1
24 Q0 00998 1
24 Q0 01244 1
24 Q0 01395 1
24 Q0 01788 1
24 Q0 01789 1
24 Q0 01790 1
24 Q0 01794 1
24 Q0 02380 1
24 Q0 03334 1
24 Q0 03354 1
24 Q0 03437 1
24 Q0 03438 1
24 Q0 03554 1
24 Q0 04577 1
24 Q0 04784 1
24 Q0 04785 1
24 Q0 05519 1
24 Q0 05593 1
24 Q0 05702 1
24 Q0 05703 1
24 Q0 06304 1
24 Q0 06305 1
24 Q0 06306 1
24 Q0 06485 1
24 Q0 06657 1
24 Q0 06663 1
24 Q0 07608 1
24 Q0 08069 1
24 Q0 08070 1
24 Q0 08179 1
24 Q0 08396 1
24 Q0 08399 1
24 Q0 08897 1
24 Q0 09135 1
24 Q0 09908 1
24 Q0 10257 1
24 Q0 10818 1
25 Q0 00080 1
25 Q0 00088 1
25 Q0 00328 1
25 Q0 00329 1
25 Q0 01011 1
25 Q0 01128 1
25 Q0 01265 1
25 Q0 01395 1
25 Q0 01650 1
25 Q0 01663 1
25 Q0 01671 1
25 Q0 01796 1
25 Q0 01797 1
25 Q0 02016 1
25 Q0 02503 1
25 Q0 02628 1
25 Q0 02632 1
25 Q0 03111 1
25 Q0 03113 1
25 Q0 03351 1
25 Q0 03807 1
25 Q0 03918 1
25 Q0 04007 1
25 Q0 04028 1
25 Q0 04136 1
25 Q0 04138 1
25 Q0 04380 1
25 Q0 04881 1
25 Q0 05305 1
25 Q0 05328 1
25 Q0 05508 1
25 Q0 05594 1
25 Q0 05702 1
25 Q0 05713 1
25 Q0 05800 1
25 Q0 05907 1
25 Q0 05923 1
25 Q0 06300 1
25 Q0 06303 1
25 Q0 06305 1
25 Q0 06398 1
25 Q0 07029 1
25 Q0 07226 1
25 Q0 07518 1
25 Q0 07609 1
25 Q0 07613 1
25 Q0 07969 1
25 Q0 08165 1
25 Q0 08175 1
25 Q0 08179 1
25 Q0 08386 1
25 Q0 08396 1
25 Q0 08602 1
25 Q0 08617 1
25 Q0 08621 1
25 Q0 08741 1
25 Q0 08910 1
25 Q0 09135 1
25 Q0 09729 1
25 Q0 09907 1
25 Q0 10229 1
25 Q0 10523 1
25 Q0 10556 1
25 Q0 10835 1
25 Q0 10959 1
25 Q0 10960 1
25 Q0 10966 1
25 Q0 10980 1
25 Q0 11016 1
25 Q0 11108 1
25 Q0 11112 1
25 Q0 11235 1
25 Q0 11381 1
26 Q0 00080 1
26 Q0 00081 1
26 Q0 00088 1
26 Q0 00328 1
26 Q0 00329 1
26 Q0 00580 1
26 Q0 01011 1
26 Q0 01395 1
26 Q0 01663 1
26 Q0 01789 1
26 Q0 01794 1
26 Q0 02016 1
26 Q0 02628 1
26 Q0 02632 1
26 Q0 03111 1
26 Q0 03351 1
26 Q0 03807 1
26 Q0 03917 1
26 Q0 04028 1
26 Q0 04881 1
26 Q0 05328 1
26 Q0 05329 1
26 Q0 05594 1
26 Q0 05702 1
26 Q0 05713 1
26 Q0 05800 1
26 Q0 05923 1
26 Q0 06299 1
26 Q0 06301 1
26 Q0 06303 1
26 Q0 06304 1
26 Q0 06305 1
26 Q0 06398 1
26 Q0 06485 1
26 Q0 06663 1
26 Q0 06842 1
26 Q0 07028 1
26 Q0 07029 1
26 Q0 07224 1
26 Q0 07226 1
26 Q0 07613 1
26 Q0 07969 1
26 Q0 08078 1
26 Q0 08179 1
26 Q0 08396 1
26 Q0 08741 1
26 Q0 08929 1
26 Q0 09135 1
26 Q0 09907 1
26 Q0 10958 1
26 Q0 10959 1
26 Q0 11108 1
26 Q0 11235 1
27 Q0 00124 1
27 Q0 00914 1
27 Q0 01048 1
27 Q0 01154 1
27 Q0 01703 1
27 Q0 02534 1
27 Q0 02779 1
27 Q0 03132 1
27 Q0 03590 1
27 Q0 03825 1
27 Q0 03830 1
27 Q0 05224 1
27 Q0 05226 1
27 Q0 05335 1
27 Q0 05622 1
27 Q0 05623 1
27 Q0 05947 1
27 Q0 05948 1
27 Q0 06855 1
27 Q0 07774 1
27 Q0 07869 1
27 Q0 08517 1
27 Q0 08789 1
27 Q0 09160 1
27 Q0 09268 1
27 Q0 09754 1
27 Q0 09847 1
27 Q0 09848 1
28 Q0 04720 1
28 Q0 05472 1
28 Q0 05583 1
28 Q0 05850 1
28 Q0 07482 1
28 Q0 07515 1
28 Q0 08230 1
28 Q0 08441 1
29 Q0 01116 1
29 Q0 01403 1
29 Q0 03004 1
29 Q0 03343 1
29 Q0 04143 1
29 Q0 05394 1
29 Q0 06018 1
29 Q0 08398 1
29 Q0 08636 1
29 Q0 09133 1
29 Q0 09840 1
30 Q0 01284 1
30 Q0 03464 1
30 Q0 05304 1
30 Q0 08782 1
30 Q0 09376 1
30 Q0 09511 1
30 Q0 10290 1
31 Q0 01246 1
31 Q0 01389 1
31 Q0 02742 1
31 Q0 03553 1
31 Q0 04135 1
31 Q0 04492 1
31 Q0 04875 1
31 Q0 08615 1
31 Q0 08895 1
31 Q0 10095 1
31 Q0 11213 1
32 Q0 00914 1
32 Q0 01703 1
32 Q0 01705 1
32 Q0 01822 1
32 Q0 01932 1
32 Q0 04297 1
32 Q0 04802 1
32 Q0 05226 1
32 Q0 05535 1
32 Q0 08790 1
32 Q0 08944 1
32 Q0 09160 1
32 Q0 10456 1
33 Q0 02768 1
33 Q0 04584 1
33 Q0 06134 1
33 Q0 06223 1
33 Q0 07236 1
33 Q0 07863 1
33 Q0 09050 1
33 Q0 11262 1
34 Q0 00362 1
34 Q0 00363 1
34 Q0 02413 1
34 Q0 02775 1
34 Q0 04369 1
34 Q0 05070 1
34 Q0 05530 1
34 Q0 09753 1
34 Q0 11263 1
35 Q0 00115 1
35 Q0 00369 1
35 Q0 00616 1
35 Q0 00617 1
35 Q0 01429 1
35 Q0 01558 1
35 Q0 01571 1
35 Q0 02144 1
35 Q0 02403 1
35 Q0 02900 1
35 Q0 02908 1
35 Q0 03021 1
35 Q0 03124 1
35 Q0 03455 1
35 Q0 03570 1
35 Q0 03703 1
35 Q0 03817 1
35 Q0 03922 1
35 Q0 04154 1
35 Q0 04287 1
35 Q0 04510 1
35 Q0 05945 1
35 Q0 06499 1
35 Q0 08187 1
35 Q0 08513 1
35 Q0 09036 1
35 Q0 10120 1
35 Q0 10574 1
35 Q0 10854 1
35 Q0 10996 1
36 Q0 02674 1
36 Q0 05955 1
36 Q0 06029 1
36 Q0 06940 1
36 Q0 08321 1
36 Q0 10302 1
36 Q0 10589 1
36 Q0 10654 1
37 Q0 00086 1
37 Q0 01007 1
37 Q0 01008 1
37 Q0 01124 1
37 Q0 01251 1
37 Q0 01252 1
37 Q0 01402 1
37 Q0 02113 1
37 Q0 02256 1
37 Q0 03441 1
37 Q0 05198 1
37 Q0 08783 1
37 Q0 08909 1
37 Q0 09001 1
37 Q0 09132 1
37 Q0 09221 1
37 Q0 09484 1
37 Q0 09485 1
37 Q0 09636 1
37 Q0 10271 1
37 Q0 10548 1
37 Q0 10973 1
37 Q0 10974 1
37 Q0 11246 1
37 Q0 11383 1
38 Q0 00213 1
38 Q0 00332 1
38 Q0 00598 1
38 Q0 01248 1
38 Q0 02253 1
38 Q0 02648 1
38 Q0 02744 1
38 Q0 08736 1
38 Q0 10103 1
38 Q0 10826 1
38 Q0 10828 1
38 Q0 10969 1
39 Q0 00909 1
39 Q0 07063 1
39 Q0 08295 1
39 Q0 09758 1
39 Q0 11277 1
40 Q0 00213 1
40 Q0 00330 1
40 Q0 00475 1
40 Q0 00476 1
40 Q0 00579 1
40 Q0 00581 1
40 Q0 00863 1
40 Q0 01003 1
40 Q0 01783 1
40 Q0 02254 1
40 Q0 02744 1
40 Q0 02745 1
40 Q0 02746 1
40 Q0 03228 1
40 Q0 03802 1
40 Q0 04153 1
40 Q0 04874 1
40 Q0 05917 1
40 Q0 08732 1
40 Q0 08901 1
40 Q0 09018 1
40 Q0 09363 1
40 Q0 09482 1
40 Q0 10112 1
40 Q0 10565 1
40 Q0 10566 1
40 Q0 10967 1
40 Q0 10969 1
40 Q0 11121 1
41 Q0 00145 1
41 Q0 00399 1
41 Q0 00515 1
41 Q0 00516 1
41 Q0 00517 1
41 Q0 00773 1
41 Q0 00775 1
41 Q0 00923 1
41 Q0 00924 1
41 Q0 00951 1
41 Q0 01055 1
41 Q0 01195 1
41 Q0 01307 1
41 Q0 01597 1
41 Q0 01712 1
41 Q0 01714 1
41 Q0 02176 1
41 Q0 02180 1
41 Q0 02284 1
41 Q0 02291 1
41 Q0 02428 1
41 Q0 02679 1
41 Q0 02790 1
41 Q0 02930 1
41 Q0 02938 1
41 Q0 02939 1
41 Q0 03037 1
41 Q0 03141 1
41 Q0 03373 1
41 Q0 03375 1
41 Q0 03599 1
41 Q0 03939 1
41 Q0 03945 1
41 Q0 03953 1
41 Q0 03954 1
41 Q0 04187 1
41 Q0 04311 1
41 Q0 04313 1
41 Q0 04594 1
41 Q0 04596 1
41 Q0 04709 1
41 Q0 04811 1
41 Q0 05016 1
41 Q0 05244 1
41 Q0 05428 1
41 Q0 05436 1
41 Q0 05446 1
41 Q0 05452 1
41 Q0 06048 1
41 Q0 06049 1
41 Q0 06050 1
41 Q0 06236 1
41 Q0 07876 1
41 Q0 08098 1
41 Q0 08218 1
41 Q0 08307 1
41 Q0 08310 1
41 Q0 08424 1
41 Q0 08527 1
41 Q0 08800 1
41 Q0 08805 1
41 Q0 08810 1
41 Q0 08811 1
41 Q0 08818 1
41 Q0 09062 1
41 Q0 09070 1
41 Q0 09073 1
41 Q0 09165 1
41 Q0 09168 1
41 Q0 09270 1
41 Q0 09403 1
41 Q0 09534 1
41 Q0 09930 1
41 Q0 10021 1
41 Q0 10023 1
41 Q0 10157 1
41 Q0 10472 1
41 Q0 10614 1
41 Q0 10615 1
41 Q0 11049 1
41 Q0 11165 1
41 Q0 11168 1
41 Q0 11170 1
41 Q0 11293 1
42 Q0 00263 1
42 Q0 01713 1
42 Q0 02423 1
42 Q0 02427 1
42 Q0 02450 1
42 Q0 02455 1
42 Q0 02933 1
42 Q0 03372 1
42 Q0 03719 1
42 Q0 03948 1
42 Q0 04062 1
42 Q0 04309 1
42 Q0 04810 1
42 Q0 05018 1
42 Q0 05137 1
42 Q0 05150 1
42 Q0 05200 1
42 Q0 05444 1
42 Q0 05633 1
42 Q0 05686 1
42 Q0 05839 1
42 Q0 05841 1
42 Q0 06045 1
42 Q0 06147 1
42 Q0 06424 1
42 Q0 06428 1
42 Q0 06514 1
42 Q0 06515 1
42 Q0 07789 1
42 Q0 08101 1
42 Q0 08422 1
42 Q0 09926 1
42 Q0 09928 1
42 Q0 10368 1
42 Q0 11024 1
42 Q0 11034 1
43 Q0 02450 1
43 Q0 03372 1
43 Q0 04064 1
43 Q0 04309 1
43 Q0 05832 1
43 Q0 05851 1
43 Q0 06232 1
44 Q0 02041 1
44 Q0 02928 1
44 Q0 02937 1
44 Q0 03595 1
44 Q0 05430 1
44 Q0 06512 1
44 Q0 07989 1
44 Q0 08099 1
45 Q0 03607 1
45 Q0 03716 1
45 Q0 03941 1
45 Q0 04195 1
45 Q0 10324 1
46 Q0 00147 1
46 Q0 00402 1
46 Q0 01055 1
46 Q0 01586 1
46 Q0 02546 1
46 Q0 02788 1
46 Q0 02817 1
46 Q0 03140 1
46 Q0 03143 1
46 Q0 03145 1
46 Q0 03373 1
46 Q0 03485 1
46 Q0 03599 1
46 Q0 03720 1
46 Q0 03939 1
46 Q0 03940 1
46 Q0 04054 1
46 Q0 04057 1
46 Q0 04059 1
46 Q0 04180 1
46 Q0 04311 1
46 Q0 04312 1
46 Q0 04549 1
46 Q0 04596 1
46 Q0 04709 1
46 Q0 05237 1
46 Q0 05431 1
46 Q0 05435 1
46 Q0 05733 1
46 Q0 06052 1
46 Q0 06237 1
46 Q0 06337 1
46 Q0 06614 1
46 Q0 07287 1
46 Q0 07674 1
46 Q0 07877 1
46 Q0 07988 1
46 Q0 08099 1
46 Q0 08113 1
46 Q0 08426 1
46 Q0 08436 1
46 Q0 08531 1
46 Q0 08804 1
46 Q0 08806 1
46 Q0 10473 1
46 Q0 11178 1
46 Q0 11321 1
47 Q0 00133 1
47 Q0 00667 1
47 Q0 00812 1
47 Q0 01299 1
47 Q0 01487 1
47 Q0 01626 1
47 Q0 01972 1
47 Q0 02082 1
47 Q0 02084 1
47 Q0 02465 1
47 Q0 03043 1
47 Q0 03076 1
47 Q0 03188 1
47 Q0 03530 1
47 Q0 03754 1
47 Q0 03755 1
47 Q0 04103 1
47 Q0 04104 1
47 Q0 04446 1
47 Q0 05887 1
47 Q0 06550 1
47 Q0 06908 1
47 Q0 07818 1
47 Q0 07913 1
47 Q0 08025 1
47 Q0 08466 1
47 Q0 08467 1
47 Q0 10364 1
47 Q0 10365 1
47 Q0 11053 1
47 Q0 11326 1
47 Q0 11327 1
48 Q0 00776 1
48 Q0 01934 1
48 Q0 02178 1
49 Q0 00662 1
49 Q0 01159 1
49 Q0 02667 1
49 Q0 03536 1
49 Q0 04209 1
49 Q0 05349 1
49 Q0 10046 1
50 Q0 09864 1
51 Q0 00011 1
51 Q0 05030 1
51 Q0 05551 1
51 Q0 06245 1
51 Q0 06246 1
51 Q0 06777 1
51 Q0 06779 1
51 Q0 06878 1
51 Q0 07074 1
51 Q0 07464 1
51 Q0 07488 1
51 Q0 07717 1
51 Q0 07798 1
51 Q0 08223 1
51 Q0 08535 1
51 Q0 08677 1
52 Q0 00515 1
52 Q0 00516 1
52 Q0 00636 1
52 Q0 00811 1
52 Q0 01307 1
52 Q0 02050 1
52 Q0 02424 1
52 Q0 02679 1
52 Q0 03599 1
52 Q0 08647 1
52 Q0 08810 1
52 Q0 09070 1
52 Q0 09277 1
52 Q0 09278 1
52 Q0 09316 1
52 Q0 09403 1
52 Q0 10023 1
52 Q0 10163 1
52 Q0 10325 1
52 Q0 10614 1
52 Q0 10616 1
52 Q0 10618 1
52 Q0 10876 1
52 Q0 11030 1
52 Q0 11170 1
53 Q0 00957 1
53 Q0 02815 1
53 Q0 03648 1
53 Q0 04100 1
53 Q0 05056 1
53 Q0 05178 1
53 Q0 07019 1
53 Q0 07794 1
53 Q0 08561 1
53 Q0 08569 1
53 Q0 09406 1
53 Q0 09806 1
53 Q0 09877 1
53 Q0 09967 1
53 Q0 09968 1
53 Q0 10033 1
53 Q0 11030 1
54 Q0 00143 1
54 Q0 00924 1
54 Q0 01455 1
54 Q0 01458 1
54 Q0 03610 1
54 Q0 08021 1
54 Q0 08214 1
54 Q0 08652 1
54 Q0 08951 1
54 Q0 10745 1
55 Q0 00030 1
55 Q0 00161 1
55 Q0 00530 1
55 Q0 00949 1
55 Q0 02076 1
55 Q0 03147 1
55 Q0 03162 1
55 Q0 03743 1
55 Q0 04209 1
55 Q0 04953 1
55 Q0 06452 1
55 Q0 08316 1
55 Q0 10479 1
56 Q0 00045 1
56 Q0 00144 1
56 Q0 00439 1
56 Q0 00442 1
56 Q0 00541 1
56 Q0 00676 1
56 Q0 00678 1
56 Q0 00808 1
56 Q0 01087 1
56 Q0 01091 1
56 Q0 01165 1
56 Q0 01195 1
56 Q0 01200 1
56 Q0 01201 1
56 Q0 01202 1
56 Q0 01497 1
56 Q0 02342 1
56 Q0 02793 1
56 Q0 03185 1
56 Q0 03191 1
56 Q0 03194 1
56 Q0 03295 1
56 Q0 03531 1
56 Q0 03761 1
56 Q0 03871 1
56 Q0 03988 1
56 Q0 04100 1
56 Q0 04488 1
56 Q0 08686 1
56 Q0 08973 1
56 Q0 09091 1
56 Q0 09314 1
56 Q0 09319 1
56 Q0 09578 1
56 Q0 10370 1
56 Q0 10776 1
56 Q0 11204 1
56 Q0 11205 1
56 Q0 11336 1
57 Q0 01049 1
57 Q0 03708 1
57 Q0 04183 1
57 Q0 04412 1
57 Q0 04614 1
57 Q0 04705 1
57 Q0 06138 1
57 Q0 06947 1
57 Q0 09301 1
57 Q0 11304 1
58 Q0 04705 1
58 Q0 05985 1
58 Q0 06332 1
58 Q0 06535 1
58 Q0 06600 1
58 Q0 06857 1
58 Q0 07401 1
58 Q0 07503 1
58 Q0 07763 1
58 Q0 08016 1
59 Q0 09524 1
60 Q0 10182 1
60 Q0 10503 1
60 Q0 10630 1
61 Q0 00091 1
61 Q0 00094 1
61 Q0 00118 1
61 Q0 00743 1
61 Q0 00893 1
61 Q0 01027 1
61 Q0 01040 1
61 Q0 01764 1
61 Q0 01996 1
61 Q0 02155 1
61 Q0 02280 1
61 Q0 02407 1
61 Q0 02416 1
61 Q0 03771 1
61 Q0 04148 1
61 Q0 04369 1
61 Q0 05785 1
61 Q0 06038 1
61 Q0 06221 1
61 Q0 06222 1
61 Q0 06315 1
61 Q0 06502 1
61 Q0 07065 1
61 Q0 07145 1
61 Q0 07239 1
61 Q0 07427 1
61 Q0 07442 1
61 Q0 07849 1
61 Q0 08294 1
61 Q0 08518 1
61 Q0 08768 1
61 Q0 08792 1
61 Q0 09054 1
61 Q0 09157 1
61 Q0 09246 1
61 Q0 09490 1
61 Q0 09513 1
61 Q0 09728 1
61 Q0 10686 1
61 Q0 10869 1
61 Q0 11277 1
61 Q0 11279 1
62 Q0 00006 1
62 Q0 01619 1
62 Q0 01863 1
62 Q0 01966 1
62 Q0 02425 1
62 Q0 02695 1
62 Q0 02698 1
62 Q0 04735 1
62 Q0 05169 1
62 Q0 05645 1
62 Q0 06776 1
62 Q0 06778 1
62 Q0 07267 1
62 Q0 07464 1
62 Q0 07674 1
62 Q0 08341 1
62 Q0 09298 1
62 Q0 10357 1
62 Q0 11171 1
62 Q0 11321 1
62 Q0 11322 1
63 Q0 04080 1
63 Q0 05562 1
63 Q0 05661 1
63 Q0 05860 1
63 Q0 05979 1
63 Q0 06530 1
63 Q0 06791 1
63 Q0 06792 1
63 Q0 06955 1
63 Q0 06974 1
63 Q0 07199 1
63 Q0 07304 1
63 Q0 07375 1
63 Q0 07694 1
63 Q0 08002 1
63 Q0 08550 1
63 Q0 08551 1
63 Q0 08827 1
63 Q0 08957 1
63 Q0 09288 1
63 Q0 09418 1
63 Q0 09698 1
63 Q0 09951 1
63 Q0 10039 1
63 Q0 10175 1
63 Q0 10339 1
63 Q0 10486 1
63 Q0 10755 1
63 Q0 10756 1
63 Q0 11311 1
64 Q0 00552 1
64 Q0 00982 1
64 Q0 00983 1
64 Q0 00994 1
64 Q0 02732 1
64 Q0 03998 1
64 Q0 05693 1
64 Q0 06119 1
64 Q0 06375 1
64 Q0 06720 1
64 Q0 06822 1
64 Q0 06916 1
64 Q0 07003 1
64 Q0 07006 1
64 Q0 07215 1
64 Q0 07319 1
64 Q0 07729 1
64 Q0 08062 1
64 Q0 08146 1
64 Q0 09821 1
64 Q0 10785 1
64 Q0 10800 1
65 Q0 03785 1
65 Q0 05470 1
65 Q0 06783 1
65 Q0 07565 1
66 Q0 00308 1
66 Q0 00459 1
66 Q0 03332 1
66 Q0 03791 1
66 Q0 04017 1
66 Q0 05782 1
66 Q0 06565 1
66 Q0 07747 1
67 Q0 00313 1
67 Q0 01379 1
67 Q0 01882 1
67 Q0 02225 1
67 Q0 03538 1
67 Q0 04119 1
67 Q0 05086 1
67 Q0 05498 1
67 Q0 05904 1
67 Q0 05915 1
67 Q0 06642 1
67 Q0 06732 1
67 Q0 07324 1
67 Q0 07739 1
67 Q0 08386 1
67 Q0 08699 1
67 Q0 08904 1
67 Q0 08905 1
67 Q0 09109 1
67 Q0 09673 1
67 Q0 09825 1
67 Q0 10533 1
67 Q0 10784 1
67 Q0 10832 1
67 Q0 11209 1
67 Q0 11210 1
67 Q0 11241 1
68 Q0 00961 1
68 Q0 01085 1
68 Q0 01325 1
68 Q0 03065 1
68 Q0 03472 1
68 Q0 03733 1
68 Q0 03835 1
68 Q0 03982 1
68 Q0 04190 1
68 Q0 04303 1
68 Q0 04350 1
68 Q0 04355 1
68 Q0 04621 1
68 Q0 05044 1
68 Q0 05367 1
68 Q0 05879 1
68 Q0 06096 1
68 Q0 06513 1
68 Q0 06602 1
68 Q0 06714 1
68 Q0 06903 1
68 Q0 06973 1
68 Q0 07107 1
68 Q0 07258 1
68 Q0 07262 1
68 Q0 08005 1
68 Q0 08348 1
68 Q0 08449 1
68 Q0 09420 1
68 Q0 09700 1
68 Q0 09797 1
68 Q0 09921 1
68 Q0 10045 1
69 Q0 01070 1
69 Q0 01954 1
69 Q0 03504 1
69 Q0 03523 1
69 Q0 03615 1
69 Q0 04438 1
69 Q0 04612 1
69 Q0 05044 1
69 Q0 05753 1
69 Q0 06349 1
69 Q0 06549 1
69 Q0 06974 1
69 Q0 10043 1
69 Q0 11312 1
70 Q0 04341 1
70 Q0 06899 1
70 Q0 08194 1
70 Q0 09953 1
70 Q0 10758 1
71 Q0 00143 1
71 Q0 00643 1
71 Q0 01176 1
71 Q0 01182 1
71 Q0 01862 1
71 Q0 02801 1
71 Q0 03281 1
71 Q0 03978 1
71 Q0 04414 1
71 Q0 04453 1
71 Q0 04549 1
71 Q0 06263 1
71 Q0 07074 1
71 Q0 07102 1
71 Q0 07296 1
71 Q0 07464 1
71 Q0 07717 1
71 Q0 07913 1
71 Q0 08968 1
71 Q0 09537 1
71 Q0 11044 1
72 Q0 00181 1
72 Q0 00439 1
72 Q0 00541 1
72 Q0 00543 1
72 Q0 00785 1
72 Q0 01205 1
72 Q0 01607 1
72 Q0 01985 1
72 Q0 02091 1
72 Q0 02213 1
72 Q0 02343 1
72 Q0 02793 1
72 Q0 03056 1
72 Q0 03876 1
72 Q0 03988 1
72 Q0 04108 1
72 Q0 05031 1
72 Q0 05267 1
72 Q0 05493 1
72 Q0 05888 1
72 Q0 06370 1
72 Q0 06884 1
72 Q0 07465 1
72 Q0 08685 1
72 Q0 09092 1
72 Q0 09197 1
72 Q0 09576 1
72 Q0 10063 1
72 Q0 10065 1
72 Q0 10512 1
72 Q0 10637 1
72 Q0 10640 1
73 Q0 00169 1
73 Q0 00427 1
73 Q0 01481 1
73 Q0 01617 1
73 Q0 01960 1
73 Q0 04442 1
73 Q0 04840 1
73 Q0 06899 1
73 Q0 07102 1
73 Q0 07196 1
73 Q0 07293 1
73 Q0 07580 1
73 Q0 08017 1
73 Q0 08019 1
73 Q0 08558 1
73 Q0 09202 1
73 Q0 10352 1
73 Q0 11044 1
74 Q0 00047 1
74 Q0 00540 1
74 Q0 00668 1
74 Q0 00957 1
74 Q0 01638 1
74 Q0 01640 1
74 Q0 01979 1
74 Q0 02712 1
74 Q0 02713 1
74 Q0 02793 1
74 Q0 03301 1
74 Q0 03533 1
74 Q0 04108 1
74 Q0 04449 1
74 Q0 05493 1
74 Q0 06460 1
74 Q0 08684 1
74 Q0 08687 1
74 Q0 09079 1
74 Q0 09316 1
74 Q0 09406 1
74 Q0 09424 1
74 Q0 09436 1
74 Q0 09569 1
74 Q0 09967 1
74 Q0 09968 1
74 Q0 10063 1
74 Q0 10375 1
74 Q0 10514 1
74 Q0 10763 1
74 Q0 10776 1
74 Q0 10778 1
75 Q0 00275 1
75 Q0 00782 1
75 Q0 00935 1
75 Q0 01313 1
75 Q0 01321 1
75 Q0 01322 1
75 Q0 01469 1
75 Q0 01610 1
75 Q0 02194 1
75 Q0 02306 1
75 Q0 02308 1
75 Q0 02559 1
75 Q0 03183 1
75 Q0 03391 1
75 Q0 03392 1
75 Q0 03488 1
75 Q0 03860 1
75 Q0 04196 1
75 Q0 04204 1
75 Q0 04342 1
75 Q0 04610 1
75 Q0 04631 1
75 Q0 04714 1
75 Q0 04836 1
75 Q0 05470 1
75 Q0 05649 1
75 Q0 05652 1
75 Q0 06159 1
75 Q0 06341 1
75 Q0 06790 1
75 Q0 06882 1
75 Q0 06915 1
75 Q0 07076 1
75 Q0 07171 1
75 Q0 07262 1
75 Q0 07269 1
75 Q0 07284 1
75 Q0 07565 1
75 Q0 07700 1
75 Q0 07804 1
75 Q0 08118 1
75 Q0 08227 1
75 Q0 08322 1
75 Q0 08325 1
75 Q0 08329 1
75 Q0 08446 1
75 Q0 08546 1
75 Q0 08661 1
75 Q0 08813 1
75 Q0 08821 1
75 Q0 09083 1
75 Q0 09542 1
75 Q0 09555 1
75 Q0 09695 1
75 Q0 09700 1
75 Q0 09789 1
75 Q0 09795 1
75 Q0 09801 1
75 Q0 10057 1
75 Q0 10170 1
75 Q0 10190 1
75 Q0 11034 1
75 Q0 11037 1
75 Q0 11059 1
75 Q0 11187 1
75 Q0 11315 1
76 Q0 02819 1
76 Q0 03066 1
76 Q0 03756 1
76 Q0 05463 1
76 Q0 05646 1
76 Q0 07580 1
76 Q0 07674 1
76 Q0 09789 1
76 Q0 10319 1
77 Q0 00450 1
77 Q0 00451 1
77 Q0 02096 1
77 Q0 02724 1
77 Q0 03090 1
77 Q0 03318 1
77 Q0 03897 1
77 Q0 05294 1
77 Q0 05587 1
77 Q0 05903 1
77 Q0 06183 1
77 Q0 06187 1
77 Q0 06189 1
77 Q0 06190 1
77 Q0 06287 1
77 Q0 06386 1
77 Q0 06475 1
77 Q0 06568 1
77 Q0 07602 1
77 Q0 08156 1
77 Q0 08158 1
77 Q0 08594 1
77 Q0 10071 1
77 Q0 10648 1
78 Q0 00654 1
78 Q0 00939 1
78 Q0 01474 1
78 Q0 01475 1
78 Q0 02315 1
78 Q0 02955 1
78 Q0 03394 1
78 Q0 03970 1
78 Q0 04537 1
78 Q0 05661 1
78 Q0 05859 1
78 Q0 06974 1
78 Q0 07702 1
78 Q0 07908 1
78 Q0 08323 1
78 Q0 09087 1
78 Q0 09183 1
78 Q0 09290 1
78 Q0 09421 1
78 Q0 09423 1
78 Q0 10174 1
78 Q0 10485 1
78 Q0 10757 1
78 Q0 11185 1
78 Q0 11309 1
79 Q0 02275 1
79 Q0 02532 1
79 Q0 03020 1
79 Q0 03349 1
79 Q0 03455 1
79 Q0 03931 1
79 Q0 04500 1
79 Q0 04667 1
79 Q0 04993 1
79 Q0 05525 1
79 Q0 05941 1
79 Q0 06223 1
79 Q0 06227 1
79 Q0 07332 1
79 Q0 07531 1
79 Q0 07619 1
79 Q0 07769 1
79 Q0 07975 1
79 Q0 08090 1
79 Q0 08408 1
79 Q0 08508 1
79 Q0 09034 1
79 Q0 09053 1
79 Q0 09372 1
79 Q0 10019 1
79 Q0 10136 1
79 Q0 10724 1
79 Q0 10837 1
79 Q0 11126 1
80 Q0 03246 1
80 Q0 04101 1
80 Q0 06521 1
80 Q0 07158 1
80 Q0 07249 1
80 Q0 07594 1
80 Q0 07657 1
80 Q0 07687 1
80 Q0 08094 1
80 Q0 08219 1
80 Q0 08843 1
80 Q0 09933 1
80 Q0 11288 1
81 Q0 01060 1
81 Q0 08116 1
81 Q0 09936 1
81 Q0 11173 1
82 Q0 01467 1
82 Q0 02327 1
82 Q0 02445 1
82 Q0 03611 1
82 Q0 04346 1
82 Q0 04413 1
82 Q0 05650 1
82 Q0 05849 1
82 Q0 06332 1
82 Q0 06416 1
82 Q0 06783 1
82 Q0 06894 1
82 Q0 06909 1
82 Q0 07173 1
82 Q0 07340 1
82 Q0 08198 1
82 Q0 08326 1
82 Q0 08357 1
82 Q0 09931 1
82 Q0 10315 1
82 Q0 11034 1
82 Q0 11042 1
83 Q0 00810 1
83 Q0 00959 1
83 Q0 01487 1
83 Q0 01627 1
83 Q0 01977 1
83 Q0 02672 1
83 Q0 02822 1
83 Q0 03523 1
83 Q0 03641 1
83 Q0 04081 1
83 Q0 04090 1
83 Q0 04108 1
83 Q0 04622 1
83 Q0 04629 1
83 Q0 05571 1
83 Q0 06552 1
83 Q0 06803 1
83 Q0 06995 1
83 Q0 07073 1
83 Q0 07394 1
83 Q0 08251 1
83 Q0 08466 1
83 Q0 09191 1
83 Q0 09707 1
83 Q0 10213 1
83 Q0 11052 1
84 Q0 00129 1
84 Q0 00918 1
84 Q0 02685 1
84 Q0 03708 1
84 Q0 03710 1
84 Q0 04183 1
84 Q0 04412 1
84 Q0 04413 1
84 Q0 04705 1
84 Q0 05441 1
84 Q0 05722 1
84 Q0 05823 1
84 Q0 06138 1
84 Q0 06416 1
84 Q0 06422 1
84 Q0 06600 1
84 Q0 06857 1
84 Q0 06947 1
84 Q0 07647 1
84 Q0 07762 1
84 Q0 09537 1
84 Q0 10149 1
84 Q0 10457 1
85 Q0 00784 1
85 Q0 01741 1
85 Q0 03278 1
85 Q0 05262 1
85 Q0 06449 1
85 Q0 07284 1
85 Q0 07474 1
85 Q0 10630 1
86 Q0 00143 1
86 Q0 00959 1
86 Q0 01487 1
86 Q0 02337 1
86 Q0 02465 1
86 Q0 02706 1
86 Q0 02822 1
86 Q0 03641 1
86 Q0 03754 1
86 Q0 04446 1
86 Q0 04630 1
86 Q0 05275 1
86 Q0 05367 1
86 Q0 06056 1
86 Q0 06267 1
86 Q0 06716 1
86 Q0 07394 1
86 Q0 08025 1
86 Q0 08108 1
86 Q0 08138 1
87 Q0 00636 1
87 Q0 02565 1
87 Q0 03087 1
87 Q0 03314 1
87 Q0 03320 1
87 Q0 03425 1
87 Q0 06931 1
88 Q0 01107 1
88 Q0 02103 1
88 Q0 04368 1
88 Q0 05279 1
88 Q0 06642 1
88 Q0 07123 1
88 Q0 07326 1
88 Q0 07714 1
88 Q0 08384 1
88 Q0 08579 1
89 Q0 00810 1
89 Q0 02286 1
89 Q0 04967 1
89 Q0 05233 1
89 Q0 09581 1
89 Q0 10463 1
89 Q0 10889 1
89 Q0 10892 1
89 Q0 10901 1
89 Q0 11022 1
89 Q0 11194 1
89 Q0 11301 1
90 Q0 00180 1
90 Q0 00505 1
90 Q0 01348 1
90 Q0 02009 1
90 Q0 02718 1
90 Q0 03084 1
90 Q0 03318 1
90 Q0 03719 1
90 Q0 04115 1
90 Q0 04365 1
90 Q0 04471 1
90 Q0 04561 1
90 Q0 04562 1
90 Q0 04643 1
90 Q0 04749 1
90 Q0 04751 1
90 Q0 04967 1
90 Q0 05687 1
90 Q0 06142 1
90 Q0 06581 1
90 Q0 06726 1
90 Q0 07011 1
90 Q0 07325 1
90 Q0 07603 1
90 Q0 08159 1
90 Q0 08418 1
90 Q0 09067 1
90 Q0 09204 1
90 Q0 10461 1
91 Q0 00974 1
91 Q0 01059 1
91 Q0 01348 1
91 Q0 01462 1
91 Q0 02676 1
91 Q0 02854 1
91 Q0 02942 1
91 Q0 03318 1
91 Q0 03887 1
91 Q0 04365 1
91 Q0 04376 1
91 Q0 04751 1
91 Q0 04862 1
91 Q0 04969 1
91 Q0 05284 1
91 Q0 05588 1
91 Q0 06182 1
91 Q0 06282 1
91 Q0 06287 1
91 Q0 06519 1
91 Q0 06581 1
91 Q0 07010 1
91 Q0 07482 1
91 Q0 07594 1
91 Q0 07602 1
91 Q0 07928 1
91 Q0 08158 1
91 Q0 08219 1
91 Q0 08230 1
91 Q0 08591 1
91 Q0 09001 1
91 Q0 09224 1
91 Q0 09538 1
91 Q0 09826 1
91 Q0 10881 1
92 Q0 00207 1
92 Q0 02731 1
92 Q0 04851 1
92 Q0 04978 1
92 Q0 05516 1
92 Q0 06207 1
92 Q0 08295 1
92 Q0 08381 1
92 Q0 08386 1
92 Q0 09055 1
92 Q0 09292 1
92 Q0 10234 1
92 Q0 10682 1
92 Q0 10869 1
93 Q0 00182 1
93 Q0 00443 1
93 Q0 00532 1
93 Q0 00788 1
93 Q0 01080 1
93 Q0 01156 1
93 Q0 01461 1
93 Q0 01964 1
93 Q0 02072 1
93 Q0 03072 1
93 Q0 03404 1
93 Q0 03514 1
93 Q0 03629 1
93 Q0 03859 1
93 Q0 03860 1
93 Q0 04087 1
93 Q0 04102 1
93 Q0 04442 1
93 Q0 04617 1
93 Q0 04618 1
93 Q0 05049 1
93 Q0 05259 1
93 Q0 05356 1
93 Q0 05756 1
93 Q0 05987 1
93 Q0 06091 1
93 Q0 06610 1
93 Q0 06705 1
93 Q0 06803 1
93 Q0 06804 1
93 Q0 07478 1
93 Q0 07488 1
93 Q0 07580 1
93 Q0 07676 1
93 Q0 07999 1
93 Q0 08129 1
93 Q0 08133 1
93 Q0 08459 1
93 Q0 08834 1
93 Q0 09429 1
93 Q0 09779 1
93 Q0 09875 1
93 Q0 09956 1
93 Q0 10497 1
93 Q0 11191 1
93 Q0 11318 1
